sudoku MEDIUM:
line[1] = 600380002;

line[2] =   3000049;

line[3] = 802050000;

line[4] =   6045003;

line[5] = 100070004;

line[6] =  40290005;

line[7] =   5800961;

line[8] =     30000;

line[9] =   9007300;

sudoku HARD:
line[1] = 900027050;

line[2] =  50000904;

line[3] = 000000000;

line[4] = 800075649;

line[5] = 100040000;

line[6] =      9800;

line[7] =    400000;

line[8] =     30010;

line[9] = 501002037;

test only possibility line a column!!!

Po only possibility 12
0 4 8  3 0 0  9 0 6
0 0 0  4 0 6  0 0 0
0 5 6  0 8 1  3 0 0

8 1 0  0 3 7  0 0 0
0 9 7  6 4 8  1 5 0
0 0 0  2 1 0  0 0 8

0 7 3  1 6 0  8 2 0
0 0 0  8 0 3  0 0 0
5 8 1  0 0 0  6 0 0

Po only possibility 12
0 4 8  3 0 0  9 0 6
0 0 0  4 0 6  0 8 0
0 5 6  0 8 1  3 0 0

8 1 0  0 3 7  0 6 0
0 9 7  6 4 8  1 5 0
0 0 0  2 1 0  7 0 8

0 7 3  1 6 0  8 2 0
0 0 0  8 0 3  0 0 0
5 8 1  0 0 0  6 0 0

Po only possibility 12
0 4 8  3 0 0  9 0 6
0 0 9  4 0 6  0 8 0
0 5 6  9 8 1  3 0 0

8 1 0  5 3 7  0 6 9
0 9 7  6 4 8  1 5 0
0 0 5  2 1 9  0 0 8

9 7 3  1 6 0  8 2 0
0 0 0  8 0 3  0 0 0
5 8 1  7 0 0  6 0 0

Po only possibility 13
0 4 8  3 0 0  9 0 6
0 0 9  4 0 6  0 8 0
0 5 6  9 8 1  3 0 0

8 1 0  5 3 7  0 6 9
0 9 7  6 4 8  1 5 0
0 0 5  2 1 9  0 0 8

9 7 3  1 6 0  8 2 0
0 0 0  8 0 3  0 0 0
5 8 1  7 0 0  6 0 0